AREA 13 12
ID bot_A
0 0 0 25 0 0 0 0 24 0 0 0
16 0 0 0 0 0 0 0 0 24 0 1
0 0 37 15 23 15 0 12 0 0 21 0
12 0 0 18 22 13 38 0 0 0 16 12
0 21 0 0 0 0 0 0 0 28 0 13
0 0 19 0 12 11 0 0 0 0 0 16
0 0 0 0 0 0 0 0 0 0 33 0
0 0 23 0 1 0 0 19 35 0 0 18
28 0 11 0 0 0 0 0 27 1 0 0
0 0 0 0 0 0 0 0 0 0 0 0
0 0 0 0 0 0 0 0 23 0 0 0
0 0 22 22 29 31 0 17 0 0 28 0
0 26 1 0 0 0 19 0 0 0 0 0
BOTS 2
bot_A 7 4
bot_B 1 11
DONE
0 0 0 25 0 0 0 0 24 0 0 0
16 0 0 0 0 0 0 0 0 24 0 1
0 0 37 15 23 15 0 12 0 0 21 0
12 0 0 18 22 13 38 0 0 0 16 12
0 21 0 0 0 0 0 0 0 28 0 13
0 0 19 0 12 11 0 0 0 0 0 16
0 0 0 0 0 0 0 0 0 0 33 0
0 0 23 0 1 0 0 19 35 0 0 18
28 0 11 0 0 0 0 0 27 1 0 0
0 0 0 0 0 0 0 0 0 0 0 0
0 0 0 0 0 0 0 0 23 0 0 0
0 0 22 22 29 31 0 17 0 0 28 0
0 26 1 0 0 0 19 0 0 0 0 0
BOTS 2
bot_A 7 3
bot_B 1 10
DONE
0 0 0 25 0 0 0 0 24 0 0 0
16 0 0 0 0 0 0 0 0 24 0 1
0 0 37 15 23 15 0 12 0 0 21 0
12 0 0 18 22 13 38 0 0 0 16 12
0 21 0 0 0 0 0 0 0 28 0 13
0 0 19 0 12 11 0 0 0 0 0 16
0 0 0 0 0 0 0 0 0 0 33 0
0 0 23 0 1 0 0 19 35 0 0 18
28 0 11 0 0 0 0 0 27 1 0 0
0 0 0 0 0 0 0 0 0 0 0 0
0 0 0 0 0 0 0 0 23 0 0 0
0 0 22 22 29 31 0 17 0 0 28 0
0 26 1 0 0 0 19 0 0 0 0 0
BOTS 2
bot_A 6 3
bot_B 2 10
DONE
0 0 0 25 0 0 0 0 24 0 0 0
16 0 0 0 0 0 0 0 0 24 0 1
0 0 37 15 23 15 0 12 0 0 21 0
12 0 0 18 22 13 38 0 0 0 16 12
0 21 0 0 0 0 0 0 0 28 0 13
0 0 19 0 12 11 0 0 0 0 0 16
0 0 0 0 0 0 0 0 0 0 33 0
0 0 23 0 1 0 0 19 35 0 0 18
28 0 11 0 0 0 0 0 27 1 0 0
0 0 0 0 0 0 0 0 0 0 0 0
0 0 0 0 0 0 0 0 23 0 0 0
0 0 22 22 29 31 0 17 0 0 28 0
0 26 1 0 0 0 19 0 0 0 0 0
BOTS 2
bot_A 6 2
bot_B 2 9
DONE
0 0 0 25 0 0 0 0 24 0 0 0
16 0 0 0 0 0 0 0 0 24 0 1
0 0 37 15 23 15 0 12 0 0 21 0
12 0 0 18 22 13 38 0 0 0 16 12
0 21 0 0 0 0 0 0 0 28 0 13
0 0 19 0 12 11 0 0 0 0 0 16
0 0 0 0 0 0 0 0 0 0 33 0
0 0 23 0 1 0 0 19 35 0 0 18
28 0 11 0 0 0 0 0 27 1 0 0
0 0 0 0 0 0 0 0 0 0 0 0
0 0 0 0 0 0 0 0 23 0 0 0
0 0 22 22 29 31 0 17 0 0 28 0
0 26 1 0 0 0 19 0 0 0 0 0
BOTS 2
bot_A 5 2
bot_B 3 9
MULLET
0 0 0 25 0 0 0 0 24 0 0 0
16 0 0 0 0 0 0 0 0 24 0 1
0 0 37 15 23 15 0 12 0 0 21 0
12 0 0 18 22 14 38 0 0 0 16 12
0 21 0 0 0 0 0 0 0 28 0 13
0 0 18 0 12 11 0 0 0 0 0 16
0 0 0 0 0 0 0 0 0 0 33 0
0 0 23 0 1 0 0 19 35 0 0 18
28 0 11 0 0 0 0 0 27 1 0 0
0 0 0 0 0 0 0 0 0 0 0 0
0 0 0 0 0 0 0 0 23 0 0 0
0 0 22 22 29 31 0 17 0 0 28 0
0 26 1 0 0 0 19 0 0 0 0 0
BOTS 2
bot_A 5 2
bot_B 3 8
MULLET
0 0 0 25 0 0 0 0 24 0 0 0
16 0 0 0 0 0 0 0 0 24 0 1
0 0 37 15 24 15 0 12 0 0 21 0
12 0 0 18 22 14 38 0 0 0 16 12
0 21 0 0 0 0 0 0 0 29 0 13
0 0 17 0 12 11 0 0 0 0 0 16
0 0 0 0 0 0 0 0 0 0 33 0
0 0 23 0 1 0 0 19 35 0 0 18
28 0 11 0 0 0 0 0 27 1 0 0
0 0 0 0 0 0 0 0 0 0 0 0
0 0 0 0 0 0 0 0 23 0 0 0
0 0 22 22 29 31 0 17 0 0 28 0
0 26 1 0 0 0 19 0 0 0 0 0
BOTS 2
bot_A 5 2
bot_B 3 7
MULLET
0 0 0 25 0 0 0 0 24 0 0 0
16 0 0 0 0 0 0 0 0 24 0 1
0 0 37 15 24 15 0 12 0 0 21 0
12 0 0 18 22 14 38 0 0 0 16 12
0 21 0 0 0 0 0 0 0 29 0 13
0 0 16 0 12 11 0 0 0 0 0 16
0 0 0 0 0 0 0 0 0 0 33 0
0 0 23 0 1 0 0 19 35 0 0 18
28 0 11 0 0 0 0 0 27 1 0 0
0 0 0 0 0 0 0 0 0 0 0 0
0 0 0 0 0 0 0 0 23 0 0 0
0 0 22 22 29 31 0 17 0 0 28 0
0 26 1 0 0 0 19 0 0 0 0 0
BOTS 2
bot_A 5 2
bot_B 3 6
MULLET
0 0 0 25 0 0 0 0 24 0 0 0
16 0 0 0 0 0 0 0 0 24 0 1
0 0 37 15 24 15 0 12 0 0 21 0
12 0 0 18 22 14 37 0 0 0 16 12
0 22 0 0 0 0 0 0 0 29 0 13
0 0 15 0 12 11 0 0 0 0 0 16
0 0 0 0 0 0 0 0 0 0 33 0
0 0 23 0 1 0 0 19 35 0 0 18
28 0 11 0 0 0 0 0 27 1 0 0
0 0 0 0 0 0 0 0 0 0 0 0
0 0 0 0 0 0 0 0 23 0 0 0
0 0 22 22 29 31 0 17 0 0 28 0
0 26 1 0 0 0 19 0 0 0 0 0
BOTS 2
bot_A 5 2
bot_B 3 6
MULLET
0 0 0 25 0 0 0 0 24 0 0 0
16 0 0 0 0 0 0 0 0 24 0 1
0 0 37 15 24 16 0 12 0 0 21 0
12 0 0 18 22 14 36 0 0 0 16 12
0 22 0 0 0 0 0 0 0 29 0 13
0 0 14 0 12 11 0 0 0 0 0 16
0 0 0 0 0 0 0 0 0 0 33 0
0 0 23 0 1 0 0 19 35 0 0 18
28 0 11 0 0 0 0 0 27 1 0 0
0 0 0 0 0 0 0 0 0 0 0 0
0 0 0 0 0 0 0 0 23 0 0 0
0 0 22 22 29 31 0 17 0 0 28 0
0 26 1 0 0 0 19 0 0 0 0 0
BOTS 2
bot_A 5 2
bot_B 3 6
MULLET
0 0 0 25 0 0 0 0 24 0 0 0
16 0 0 0 0 0 0 0 0 24 0 1
0 0 37 15 24 16 0 12 0 0 21 0
12 0 0 18 22 14 35 0 0 0 16 12
0 22 0 0 0 0 0 0 0 29 0 13
0 0 13 0 12 11 0 0 0 0 0 16
0 0 0 0 0 0 0 0 0 0 33 0
0 0 23 0 1 0 0 19 35 0 0 18
28 0 11 0 0 0 0 0 27 1 0 0
0 0 0 0 0 0 0 0 0 0 0 0
0 0 0 0 0 0 0 0 23 0 0 0
0 0 22 22 29 31 0 17 0 0 28 0
0 26 1 0 0 0 19 0 0 0 0 0
BOTS 2
bot_A 5 2
bot_B 3 6
MULLET
0 0 0 25 0 0 0 0 24 0 0 0
16 0 0 0 0 0 0 0 0 24 0 1
0 0 37 15 24 16 0 12 0 0 21 0
12 0 0 18 22 14 34 0 0 0 16 12
0 22 0 0 0 0 0 0 0 29 0 13
0 0 12 0 12 11 0 0 0 0 0 16
0 0 0 0 0 0 0 0 0 0 33 0
0 0 23 0 1 0 0 19 35 0 0 18
28 0 11 0 0 0 0 0 27 1 0 0
0 0 0 0 0 0 0 0 0 0 0 0
0 0 0 0 0 0 0 0 23 0 0 0
0 0 22 22 29 31 0 17 0 0 28 0
0 26 1 0 0 0 19 0 0 0 0 0
BOTS 2
bot_A 5 2
bot_B 3 6
MULLET
0 0 0 25 0 0 0 0 24 0 0 0
16 0 0 0 0 0 0 0 0 24 0 1
0 0 37 15 24 16 0 12 0 0 21 0
12 0 0 18 22 14 33 0 0 0 16 12
0 22 0 0 0 0 0 0 0 29 0 13
0 0 12 0 12 11 0 0 0 0 0 16
0 0 0 0 0 0 0 0 0 0 33 0
0 0 23 0 1 0 0 19 35 0 0 18
28 0 11 0 0 0 0 0 27 1 0 0
0 0 0 0 0 0 0 0 0 0 0 0
0 0 0 0 0 0 0 0 23 0 0 0
0 0 22 22 29 31 0 17 0 0 28 0
0 26 1 0 0 0 19 0 0 0 0 0
BOTS 2
bot_A 5 2
bot_B 3 6
DONE
0 0 0 26 0 0 0 0 24 0 0 0
16 0 0 0 0 0 0 0 0 24 0 1
0 0 37 15 24 16 0 13 0 0 21 0
12 0 0 18 22 14 32 0 0 0 16 12
0 22 0 0 0 0 0 0 0 29 0 13
0 0 12 0 12 11 0 0 0 0 0 16
0 0 0 0 0 0 0 0 0 0 33 0
0 0 23 0 1 0 0 19 35 0 0 18
28 0 11 0 0 0 0 0 27 1 0 0
0 0 0 0 0 0 0 0 0 0 0 0
0 0 0 0 0 0 0 0 23 0 0 0
0 0 22 22 29 31 0 17 0 0 28 0
0 26 1 0 0 0 19 0 0 0 0 0
BOTS 2
bot_A 5 3
bot_B 3 6
DONE
0 0 0 26 0 0 0 0 24 0 0 0
16 0 0 0 0 0 0 0 0 24 0 1
0 0 37 15 24 16 0 13 0 0 21 0
12 0 0 18 22 14 31 0 0 0 16 12
0 22 0 0 0 0 0 0 0 29 0 13
0 0 12 0 12 11 0 0 0 0 0 16
0 0 0 0 0 0 0 0 0 0 33 0
0 0 23 0 1 0 0 19 35 0 0 18
28 0 11 0 0 0 0 0 27 1 0 0
0 0 0 0 0 0 0 0 0 0 0 0
0 0 0 0 0 0 0 0 23 0 0 0
0 0 22 22 29 31 0 17 0 0 28 0
0 26 1 0 0 0 19 0 0 0 0 0
BOTS 2
bot_A 4 3
bot_B 3 6
DONE
0 0 0 26 0 0 0 0 24 0 0 0
16 0 0 0 0 0 0 0 0 24 0 1
0 0 37 16 24 16 0 13 0 0 21 0
12 0 0 18 22 14 31 0 0 0 16 12
0 22 0 0 0 0 0 0 0 29 0 13
0 0 12 0 12 11 0 0 0 0 0 16
0 0 0 0 0 0 0 0 0 0 33 0
0 0 23 0 1 0 0 19 35 0 0 18
28 0 11 0 0 0 0 0 27 1 0 0
0 0 0 0 0 0 0 0 0 0 0 0
0 0 0 0 0 0 0 0 23 0 0 0
0 0 22 22 29 31 0 17 0 0 28 0
0 26 1 0 0 0 19 0 0 0 0 0
BOTS 2
bot_A 3 3
bot_B 3 5
MULLET
0 0 0 26 0 0 0 0 24 0 0 0
16 0 0 0 0 0 0 0 0 24 0 1
0 0 37 16 24 16 0 13 0 0 21 0
12 0 0 18 22 14 31 0 0 0 16 12
0 22 0 0 0 0 0 0 0 29 0 13
0 0 12 0 12 11 0 0 0 0 0 16
0 0 0 0 0 0 0 0 0 0 33 0
0 0 23 0 1 0 0 19 35 0 0 18
28 0 11 0 0 0 0 0 27 1 0 0
0 0 0 0 0 0 0 0 0 0 0 0
0 0 0 0 0 0 0 0 23 0 0 0
0 0 22 22 29 31 0 17 0 0 28 0
0 26 1 0 0 0 19 0 0 0 0 0
BOTS 2
bot_A 3 3
bot_B 3 4
MULLET
0 0 0 26 0 0 0 0 24 0 0 0
16 0 0 0 0 0 0 0 0 24 0 1
0 0 37 16 24 16 0 13 0 0 21 0
12 0 0 17 22 14 31 0 0 0 16 12
0 22 0 0 0 0 0 0 0 29 0 13
0 0 12 0 12 11 0 0 0 0 0 16
0 0 0 0 0 0 0 0 0 0 33 0
0 0 23 0 1 0 0 19 35 0 0 18
28 0 11 0 0 0 0 0 27 1 0 0
0 0 0 0 0 0 0 0 0 0 0 0
0 0 0 0 0 0 0 0 23 0 0 0
0 0 22 22 29 31 0 17 0 0 28 0
0 26 1 0 0 0 19 0 0 0 0 0
BOTS 2
bot_A 3 3
bot_B 2 4
DONE
0 0 0 26 0 0 0 0 24 0 0 0
16 0 0 0 0 0 0 0 0 24 0 1
0 0 37 16 24 16 0 13 0 0 21 0
12 0 0 17 22 14 31 0 0 0 16 12
0 22 0 0 0 0 0 0 0 29 0 13
0 0 12 0 12 11 0 0 0 0 0 16
0 0 0 0 0 0 0 0 0 0 33 0
0 0 23 0 1 0 0 19 35 0 0 18
28 0 11 0 0 0 0 0 27 1 0 0
0 0 0 0 0 0 0 0 0 0 0 0
0 0 0 0 0 0 0 0 23 0 0 0
0 0 23 22 29 31 0 17 0 0 28 0
0 26 1 0 0 0 19 0 0 0 0 0
BOTS 2
bot_A 4 3
bot_B 2 3
DONE
0 0 0 26 0 0 0 0 24 0 0 0
16 0 0 0 0 0 0 0 0 24 0 1
0 0 37 16 24 16 0 13 0 0 21 0
12 0 0 17 22 14 31 0 0 0 16 12
0 22 0 0 0 0 0 0 0 29 0 13
0 0 12 0 12 11 0 0 0 0 0 16
0 0 0 0 0 0 0 0 0 0 33 0
0 0 23 0 1 0 0 19 35 0 0 18
28 0 11 0 0 0 0 0 27 1 0 0
0 0 0 0 0 0 0 0 0 0 0 0
0 0 0 0 0 0 0 0 23 0 0 0
0 0 23 22 29 31 0 17 0 0 28 0
0 26 1 0 0 0 19 0 0 0 0 0
BOTS 2
bot_A 4 4
bot_B 2 2
DONE
0 0 0 26 0 0 0 0 24 0 0 0
16 0 0 0 0 0 0 0 0 24 0 1
0 0 36 16 24 16 0 13 0 0 21 0
13 0 0 17 22 14 31 0 0 0 16 12
0 22 0 0 0 0 0 0 0 29 0 13
0 0 12 0 12 11 0 0 0 0 0 16
0 0 0 0 0 0 0 0 0 0 33 0
0 0 23 0 1 0 0 19 35 0 0 18
28 0 11 0 0 0 0 0 27 1 0 0
0 0 0 0 0 0 0 0 0 0 0 0
0 0 0 0 0 0 0 0 23 0 0 0
0 0 23 22 29 31 0 17 0 0 28 0
0 26 1 0 0 0 19 0 0 0 0 0
BOTS 2
bot_A 5 4
bot_B 2 2
DONE
0 0 0 26 0 0 0 0 24 0 0 0
16 0 0 0 0 0 0 0 0 24 0 1
0 0 35 16 24 16 0 14 0 0 21 0
13 0 0 17 22 14 31 0 0 0 16 12
0 22 0 0 0 0 0 0 0 29 0 13
0 0 12 0 12 11 0 0 0 0 0 16
0 0 0 0 0 0 0 0 0 0 33 0
0 0 23 0 1 0 0 19 35 0 0 18
28 0 11 0 0 0 0 0 27 1 0 0
0 0 0 0 0 0 0 0 0 0 0 0
0 0 0 0 0 0 0 0 23 0 0 0
0 0 23 22 29 31 0 17 0 0 28 0
0 26 1 0 0 0 19 0 0 0 0 0
BOTS 2
bot_A 6 4
bot_B 2 2
DONE
0 0 0 26 0 0 0 0 24 0 0 0
16 0 0 0 0 0 0 0 0 24 0 1
0 0 34 16 24 16 0 14 0 0 21 0
13 0 0 17 22 14 31 0 0 0 16 12
0 22 0 0 0 0 0 0 0 29 0 13
0 0 12 0 12 11 0 0 0 0 0 16
0 0 0 0 0 0 0 0 0 0 33 0
0 0 23 0 1 0 0 19 35 0 0 18
28 0 11 0 0 0 0 0 27 1 0 0
0 0 0 0 0 0 0 0 0 0 0 0
0 0 0 0 0 0 0 0 23 0 0 0
0 0 23 22 29 31 0 17 0 0 28 0
0 26 1 0 0 0 19 0 0 0 0 0
BOTS 2
bot_A 7 4
bot_B 2 2
1000
0 0 0 26 0 0 0 0 24 0 0 0
16 0 0 0 0 0 0 0 0 24 0 1
0 0 34 16 24 16 0 14 0 0 21 0
13 0 0 17 22 14 31 0 0 0 16 12
0 22 0 0 0 0 0 0 0 29 0 13
0 0 12 0 12 11 0 0 0 0 0 16
0 0 0 0 0 0 0 0 0 0 33 0
0 0 23 0 1 0 0 19 35 0 0 18
28 0 11 0 0 0 0 0 27 1 0 0
0 0 0 0 0 0 0 0 0 0 0 0
0 0 0 0 0 0 0 0 23 0 0 0
0 0 23 22 29 31 0 17 0 0 28 0
0 26 1 0 0 0 19 0 0 0 0 0
BOTS 2
bot_A 7 4
bot_B 3 2
DONE
0 0 0 26 0 0 0 0 24 0 0 0
16 0 0 0 0 0 0 0 0 24 0 1
0 0 34 16 24 16 0 14 0 0 21 0
13 0 0 17 22 14 31 0 0 0 16 12
0 22 0 0 0 0 0 0 0 29 0 13
0 0 12 0 12 11 0 0 0 0 0 16
0 0 0 0 0 0 0 0 0 0 33 0
0 0 24 0 1 0 0 19 35 0 0 18
28 0 11 0 0 0 0 0 27 1 0 0
0 0 0 0 0 0 0 0 0 0 0 0
0 0 0 0 0 0 0 0 23 0 0 0
0 0 23 22 29 31 0 17 0 0 28 0
0 26 1 0 0 0 19 0 0 0 0 0
BOTS 2
bot_A 7 3
bot_B 3 3
DONE
0 0 0 26 0 0 0 0 24 0 0 0
16 0 0 0 0 0 0 0 0 24 0 1
0 0 34 16 24 16 0 14 0 0 21 0
13 0 0 17 22 14 31 0 0 0 16 12
0 22 0 0 0 0 0 0 0 29 0 13
0 0 12 0 12 11 0 0 0 0 0 16
0 0 0 0 0 0 0 0 0 0 33 0
0 0 24 0 1 0 0 19 35 0 0 18
28 0 11 0 0 0 0 0 27 1 0 0
0 0 0 0 0 0 0 0 0 0 0 0
0 0 0 0 0 0 0 0 23 0 0 0
0 0 23 22 29 31 0 17 0 0 28 0
0 26 1 0 0 0 19 0 0 0 0 0
BOTS 2
bot_A 7 2
bot_B 4 3
SNAPPER
0 0 0 26 0 0 0 0 24 0 0 0
16 0 0 0 0 0 0 0 0 24 0 1
0 0 34 16 24 16 0 14 0 0 21 0
13 0 0 17 22 14 31 0 0 0 16 12
0 22 0 0 0 0 0 0 0 29 0 13
0 0 12 0 12 11 0 0 0 0 0 16
0 0 0 0 0 0 0 0 0 0 33 0
0 0 23 0 1 0 0 19 35 0 0 18
28 0 11 0 0 0 0 0 27 1 0 0
0 0 0 0 0 0 0 0 0 0 0 0
0 0 0 0 0 0 0 0 23 0 0 0
0 0 23 22 29 31 0 17 0 0 28 0
0 26 1 0 0 0 19 0 0 0 0 0
BOTS 2
bot_A 7 2
bot_B 4 4
DONE
0 0 0 26 0 0 0 0 24 0 0 0
16 0 0 0 0 0 0 0 0 24 0 1
0 0 34 16 24 16 0 14 0 0 21 0
13 0 0 17 22 14 31 0 0 0 16 12
0 22 0 0 0 0 0 0 0 29 0 13
0 0 12 0 12 11 0 0 0 0 0 16
0 0 0 0 0 0 0 0 0 0 33 0
0 0 23 0 1 0 0 19 35 0 0 18
28 0 11 0 0 0 0 0 27 1 0 0
0 0 0 0 0 0 0 0 0 0 0 0
0 0 0 0 0 0 0 0 23 0 0 0
0 0 23 22 29 31 0 17 0 0 28 0
0 26 1 0 0 0 19 0 0 0 0 0
BOTS 2
bot_A 6 2
bot_B 5 4
DONE
0 0 0 26 0 0 0 0 24 0 0 0
16 0 0 0 0 0 0 0 0 24 0 1
0 0 34 16 24 16 0 14 0 0 21 0
13 0 0 17 22 14 31 0 0 0 16 12
0 22 0 0 0 0 0 0 0 29 0 13
0 0 12 0 12 11 0 0 0 0 0 16
0 0 0 0 0 0 0 0 0 0 33 0
0 0 23 0 1 0 0 19 35 0 0 18
28 0 11 0 0 0 0 0 27 1 0 0
0 0 0 0 0 0 0 0 0 0 0 0
0 0 0 0 0 0 0 0 23 0 0 0
0 0 23 22 29 31 0 17 0 0 28 0
0 26 1 0 0 0 19 0 0 0 0 0
BOTS 2
bot_A 7 2
bot_B 6 4
DONE
0 0 0 26 0 0 0 0 24 0 0 0
16 0 0 0 0 0 0 0 0 24 0 1
0 0 34 16 24 16 0 14 0 0 21 0
13 0 0 17 22 14 31 0 0 0 16 12
0 22 0 0 0 0 0 0 0 29 0 13
0 0 12 0 12 11 0 0 0 0 0 16
0 0 0 0 0 0 0 0 0 0 33 0
0 0 23 0 1 0 0 19 35 0 0 18
28 0 11 0 0 0 0 0 27 1 0 0
0 0 0 0 0 0 0 0 0 0 0 0
0 0 0 0 0 0 0 0 23 0 0 0
0 0 23 22 29 31 0 17 0 0 28 0
0 26 1 0 0 0 19 0 0 0 0 0
BOTS 2
bot_A 8 2
bot_B 7 4
DONE
0 0 0 26 0 0 0 0 24 0 0 0
16 0 0 0 0 0 0 0 0 24 0 1
0 0 34 16 24 16 0 14 0 0 21 0
13 0 0 17 22 14 31 0 0 0 16 12
0 22 0 0 0 0 0 0 0 29 0 13
0 0 12 0 12 11 0 0 0 0 0 16
0 0 0 0 0 0 0 0 0 0 33 0
0 0 23 0 1 0 0 19 35 0 0 18
28 0 11 0 0 0 0 0 27 1 0 0
0 0 0 0 0 0 0 0 0 0 0 0
0 0 0 0 0 0 0 0 23 0 0 0
0 0 23 22 29 31 0 17 0 0 28 0
0 26 1 0 0 0 19 0 0 0 0 0
BOTS 2
bot_A 7 2
bot_B 7 4
DONE
0 0 0 26 0 0 0 0 24 0 0 0
16 0 0 0 0 0 0 0 0 24 0 1
0 0 34 16 24 16 0 14 0 0 21 0
13 0 0 17 22 14 31 0 0 0 16 12
0 22 0 0 0 0 0 0 0 29 0 13
0 0 12 0 12 11 0 0 0 0 0 17
0 0 0 0 0 0 0 0 0 0 33 0
0 0 23 0 1 0 0 19 35 0 0 18
28 0 11 0 0 0 0 0 27 1 0 0
0 0 0 0 0 0 0 0 0 0 0 0
0 0 0 0 0 0 0 0 23 0 0 0
0 0 23 22 29 31 0 17 0 0 28 0
0 26 1 0 0 0 19 0 0 0 0 0
BOTS 2
bot_A 8 2
bot_B 6 4
DONE
0 0 0 26 0 0 0 0 24 0 0 0
16 0 0 0 0 0 0 0 0 24 0 1
0 0 34 16 24 16 0 14 0 0 21 0
13 0 0 17 22 14 31 0 0 0 16 13
0 22 0 0 0 0 0 0 0 29 0 13
0 0 12 0 12 11 0 0 0 0 0 17
0 0 0 0 0 0 0 0 0 0 33 0
0 0 23 0 1 0 0 19 35 0 0 18
28 0 11 0 0 0 0 0 27 1 0 0
0 0 0 0 0 0 0 0 0 0 0 0
0 0 0 0 0 0 0 0 23 0 0 0
0 0 23 22 29 31 0 17 0 0 28 0
0 26 1 0 0 0 19 0 0 0 0 0
BOTS 2
bot_A 7 2
bot_B 6 5
DONE
0 0 0 26 0 0 0 0 24 0 0 0
16 0 0 0 0 0 0 0 0 24 0 1
0 0 34 16 24 16 0 14 0 0 21 0
13 0 0 17 22 14 31 0 0 0 16 13
0 22 0 0 0 0 0 0 0 29 0 13
0 0 12 0 12 11 0 0 0 0 0 17
0 0 0 0 0 0 0 0 0 0 33 0
0 0 23 0 1 0 0 19 35 0 0 18
29 0 11 0 0 0 0 0 27 1 0 0
0 0 0 0 0 0 0 0 0 0 0 0
0 0 0 0 0 0 0 0 23 0 0 0
0 0 23 22 29 31 0 17 0 0 28 0
0 26 1 0 0 0 19 0 0 0 0 0
BOTS 2
bot_A 6 2
bot_B 5 5
DONE
0 0 0 26 0 0 0 0 24 0 0 0
16 0 0 0 0 0 0 0 0 24 0 1
0 0 34 16 24 16 0 14 0 0 21 0
13 0 0 17 22 14 31 0 0 0 16 13
0 22 0 0 0 0 0 0 0 29 0 13
0 0 12 0 12 11 0 0 0 0 0 17
0 0 0 0 0 0 0 0 0 0 33 0
0 0 23 0 1 0 0 19 35 0 0 18
29 0 11 0 0 0 0 0 27 1 0 0
0 0 0 0 0 0 0 0 0 0 0 0
0 0 0 0 0 0 0 0 23 0 0 0
0 0 23 22 29 31 0 17 0 0 28 0
0 26 1 0 0 0 19 0 0 0 0 0
BOTS 2
bot_A 7 2
bot_B 5 6
DONE
0 0 0 26 0 0 0 0 24 0 0 0
16 0 0 0 0 0 0 0 0 24 0 1
0 0 34 16 24 16 0 15 0 0 21 0
13 0 0 17 22 14 31 0 0 0 16 13
0 22 0 0 0 0 0 0 0 29 0 13
0 0 12 0 12 11 0 0 0 0 0 17
0 0 0 0 0 0 0 0 0 0 33 0
0 0 23 0 1 0 0 19 35 0 0 18
29 0 11 0 0 0 0 0 27 1 0 0
0 0 0 0 0 0 0 0 0 0 0 0
0 0 0 0 0 0 0 0 23 0 0 0
0 0 23 22 29 31 0 17 0 0 28 0
0 26 1 0 0 0 19 0 0 0 0 0
BOTS 2
bot_A 6 2
bot_B 4 6
DONE
0 0 0 26 0 0 0 0 24 0 0 0
16 0 0 0 0 0 0 0 0 24 0 1
0 0 35 16 24 16 0 15 0 0 21 0
13 0 0 17 22 14 31 0 0 0 16 13
0 22 0 0 0 0 0 0 0 29 0 13
0 0 12 0 12 11 0 0 0 0 0 17
0 0 0 0 0 0 0 0 0 0 33 0
0 0 23 0 1 0 0 19 35 0 0 18
29 0 11 0 0 0 0 0 27 1 0 0
0 0 0 0 0 0 0 0 0 0 0 0
0 0 0 0 0 0 0 0 23 0 0 0
0 0 23 22 29 31 0 17 0 0 28 0
0 26 1 0 0 0 19 0 0 0 0 0
BOTS 2
bot_A 5 2
bot_B 4 7
DONE
0 0 0 26 0 0 0 0 25 0 0 0
16 0 0 0 0 0 0 0 0 24 0 1
0 0 35 16 24 16 0 15 0 0 21 0
13 0 0 17 22 14 31 0 0 0 16 13
0 22 0 0 0 0 0 0 0 29 0 13
0 0 12 0 12 11 0 0 0 0 0 17
0 0 0 0 0 0 0 0 0 0 33 0
0 0 23 0 1 0 0 19 35 0 0 18
29 0 11 0 0 0 0 0 27 1 0 0
0 0 0 0 0 0 0 0 0 0 0 0
0 0 0 0 0 0 0 0 23 0 0 0
0 0 23 22 29 31 0 17 0 0 28 0
0 26 1 0 0 0 19 0 0 0 0 0
